 0 
 0 
 0 
 0 
 0 
 0 
 0 
 0 
 0 
 0 
 0 
 0 
 0 
 0 
 0 
 0 
 0 
 0 
 0 
 0 
 0 
 0 
 0 
 0 
 0 
 0 
 0 
 0 
 0 
 0 
 0 
 0 
 0 
 0 
 0 
 0 
 0 
 0 
 0 
 0 
 0 
 0 
 0 
 0 
 0 
 0 
 0 
 0 
 0 
 0 
 0 
 0 
 0 
 0 
 0 
 0 
 0 
 0 
 0 
 0 
 0 
 0 
 2 
 4 
 6 
 9 
 12 
 16 
 20 
 25 
 30 
 35 
 40 
 45 
 50 
 55 
 60 
 65 
 70 
 75 
 80 
 85 
 90 
 85 
 80 
 75 
 70 
 65 
 60 
 55 
 50 
 45 
 40 
 35 
 31 
 27 
 24 
 21 
 19 
 17 
 16 
 15 
 14 
 14 
 14 
 15 
 16 
 17 
 19 
 21 
 24 
 27 
 31 
 35 
 40 
 45 
 50 
 55 
 60 
 65 
 70 
 75 
 80 
 85 
 90 
 85 
 80 
 75 
 70 
 65 
 60 
 55 
 51 
 47 
 45 
 42 
 40 
 38 
 37 
 36 
 35 
 35 
 35 
 36 
 37 
 38 
 40 
 42 
 45 
 48 
 51 
 55 
 60 
 65 
 70 
 75 
 80 
 85 
 90 
 85 
 80 
 75 
 70 
 65 
 61 
 57 
 54 
 51 
 49 
 48 
 47 
 46 
 46 
 47 
 48 
 49 
 50 
 52 
 54 
 56 
 59 
 62 
 66 
 70 
 75 
 80 
 85 
 90 
 85 
 81 
 77 
 74 
 71 
 69 
 68 
 67 
 66 
 66 
 67 
 68 
 69 
 71 
 74 
 77 
 81 
 85 
 90 
 86 
 82 
 79 
 77 
 76 
 75 
 75 
 76 
 77 
 79 
 82 
 86 
 90 
 87 
 84 
 82 
 81 
 80 
 81 
 82 
 84 
 87 
 90 
 88 
 87 
 86 
 87 
 88 
 90 
 89 
 88 
 89 
 90 
 89 
 90 
 89 
 90 
 89 
 90 
 89 
 90 
 89
 90 
 89 
 90 
 89 
 90 
 89 
 90 
 90 
 90 
 90 
 90 
 90 
 90 
 90 
 90 
 90 
 90 
 90 
 90 
 90 
 90 
 90 
 90 
 90 
 90 
 90 
 90 
 90 
 90 
 90 
 90 
 90 
 90 
 90 
 90 
 90 
 90 
 90 
 90 
 90 
 85 
 80 
 75 
 70 
 65 
 60 
 55 
 50 
 45 
 40 
 36 
 32 
 28 
 24 
 20 
 17 
 14 
 11 
 8 
 6 
 4 
 3 
 2 
 1 
 0 
 0 
 0 
 0 
 0 
 0 
 0 
 0 
 0 
 0 
 0 
 0 
 0 
 0 
 0 
 0 
 0 
 0 
 0 
 0 
 0 
 0 
 0 
 0 
 0 
 0 
 0 
 0 
 0 
 0 
 0 
 0 
 0 
 0 
 0 
 0 
 0 
 0 
 0 
 0 
 0 
 0 
 0 
 0 
 0 
 0 
 0 
 0 
 0 
 0 
 0 
 0 
 0 
 0 
 0 
 0 
 0 
 0 
 0 
 0 
 0 
 0 
 0 
 0 
 0 
 0 
 0 
 0 
 0 
 0 
 0 
 0 
 0 
 0 
 0 
 0 
 0 
 0 
 0 
 0 
 0 
 0 
 0 
 0 
 0 
 0 
 0 
 0 
 0 
 0 
 0 
 0 
 0 
 0 
 0 
 0 
 0 
 0 
 0 
 0 
 0 
 0 
 0 
 0 
 0 
 0 
 0 
 0 
 0 
 0 
 0 
 0 
 0 
 0 
 0 
 0 
 0 
 0 
 0 
 0 
 0 
 0 
 0 
 0 
 0 
 0 
 0 
 0 
 0 
 0 
 0 
 0 
 0 
 0 
 0 
 0 
 0 
 0 
 0 
 0 
 0 
 0 
 0 
 0 
 0 
 0 
 0 
 0 
 0 
 0 
 0 
 0 
 0 
 0 
 0 
 0 
 0 
 0 
 0 
 0 
 0 
 0 
 0 
 0 
 0 
 0 
 0 
 0 
 0 
 0 
 0 
 0 
 0 
 0 
 0 
 0 
 0 
 0 
 0 
 0 
 0 
 0 
 0 
 0 
 0 
 0 
 0 
